###### TAKEOFF ######
autoInit 500 800 4000 0.5
goto  0.000  0.000 0.5    0
###### TAKEOFF ######

###### NEGATIVE YAW20 1 ######
goto  0.000  0.000 1.5    0
goto -0.060  0.342 1.5  -20
goto -0.233  0.642 1.5  -40
goto -0.500  0.866 1.5  -60
goto -0.826  0.984 1.5  -80
goto -1.173  0.984 1.5 -100
goto -1.500  0.866 1.5 -120
goto -1.766  0.642 1.5 -140
goto -1.939  0.342 1.5 -160
goto -2.000  0.000 1.5  180
goto -1.939 -0.342 1.5  160
goto -1.766 -0.642 1.5  140
goto -1.500 -0.866 1.5  120
goto -1.173 -0.984 1.5  100
goto -0.826 -0.984 1.5   80
goto -0.500 -0.866 1.5   60
goto -0.233 -0.642 1.5   40
goto -0.060 -0.342 1.5   20
goto  0.000  0.000 1.5    0
###### NEGATIVE YAW20 1 ######

###### NEGATIVE YAW20 2 ######
goto  0.000  0.000 1.5    0
goto -0.060  0.342 1.5  -20
goto -0.233  0.642 1.5  -40
goto -0.500  0.866 1.5  -60
goto -0.826  0.984 1.5  -80
goto -1.173  0.984 1.5 -100
goto -1.500  0.866 1.5 -120
goto -1.766  0.642 1.5 -140
goto -1.939  0.342 1.5 -160
goto -2.000  0.000 1.5  180
goto -1.939 -0.342 1.5  160
goto -1.766 -0.642 1.5  140
goto -1.500 -0.866 1.5  120
goto -1.173 -0.984 1.5  100
goto -0.826 -0.984 1.5   80
goto -0.500 -0.866 1.5   60
goto -0.233 -0.642 1.5   40
goto -0.060 -0.342 1.5   20
goto  0.000  0.000 1.5    0
###### NEGATIVE YAW20 2 ######

###### NEGATIVE YAW20 3 ######
goto  0.000  0.000 1.5    0
goto -0.060  0.342 1.5  -20
goto -0.233  0.642 1.5  -40
goto -0.500  0.866 1.5  -60
goto -0.826  0.984 1.5  -80
goto -1.173  0.984 1.5 -100
goto -1.500  0.866 1.5 -120
goto -1.766  0.642 1.5 -140
goto -1.939  0.342 1.5 -160
goto -2.000  0.000 1.5  180
goto -1.939 -0.342 1.5  160
goto -1.766 -0.642 1.5  140
goto -1.500 -0.866 1.5  120
goto -1.173 -0.984 1.5  100
goto -0.826 -0.984 1.5   80
goto -0.500 -0.866 1.5   60
goto -0.233 -0.642 1.5   40
goto -0.060 -0.342 1.5   20
goto  0.000  0.000 1.5    0
###### NEGATIVE YAW20 3 ######

###### NEGATIVE YAW20 4 ######
goto  0.000  0.000 1.5    0
goto -0.060  0.342 1.5  -20
goto -0.233  0.642 1.5  -40
goto -0.500  0.866 1.5  -60
goto -0.826  0.984 1.5  -80
goto -1.173  0.984 1.5 -100
goto -1.500  0.866 1.5 -120
goto -1.766  0.642 1.5 -140
goto -1.939  0.342 1.5 -160
goto -2.000  0.000 1.5  180
goto -1.939 -0.342 1.5  160
goto -1.766 -0.642 1.5  140
goto -1.500 -0.866 1.5  120
goto -1.173 -0.984 1.5  100
goto -0.826 -0.984 1.5   80
goto -0.500 -0.866 1.5   60
goto -0.233 -0.642 1.5   40
goto -0.060 -0.342 1.5   20
goto  0.000  0.000 1.5    0
###### NEGATIVE YAW20 4 ######

###### NEGATIVE YAW20 5 ######
goto  0.000  0.000 1.5    0
goto -0.060  0.342 1.5  -20
goto -0.233  0.642 1.5  -40
goto -0.500  0.866 1.5  -60
goto -0.826  0.984 1.5  -80
goto -1.173  0.984 1.5 -100
goto -1.500  0.866 1.5 -120
goto -1.766  0.642 1.5 -140
goto -1.939  0.342 1.5 -160
goto -2.000  0.000 1.5  180
goto -1.939 -0.342 1.5  160
goto -1.766 -0.642 1.5  140
goto -1.500 -0.866 1.5  120
goto -1.173 -0.984 1.5  100
goto -0.826 -0.984 1.5   80
goto -0.500 -0.866 1.5   60
goto -0.233 -0.642 1.5   40
goto -0.060 -0.342 1.5   20
goto  0.000  0.000 1.5    0
###### NEGATIVE YAW20 5 ######

###### LANDING ######
goto  0.000  0.000 0.5    0
land
###### LANDING ######
