###### TAKEOFF ######
autoInit 500 800 4000 0.5
goto  0.000  0.000 0.5    0
###### TAKEOFF ######

###### WAREHOUSE 1 ######
goto  0.000  0.000 2.0    0
goto  0.000  1.000 2.0    0
goto  0.000  0.000 2.0    0
goto  1.000  0.000 2.0    0
goto  1.000  1.000 2.0    0
goto  1.000  0.000 2.0    0
goto  1.000  0.000 1.5    0
goto  1.000  1.000 1.5    0
goto  1.000  0.000 1.5    0
goto  0.000  0.000 1.5    0
goto  0.000  1.000 1.5    0
goto  0.000  0.000 1.5    0
goto  0.000  0.000 1.0    0
goto  0.000  1.000 1.0    0
goto  0.000  0.000 1.0    0
goto  1.000  0.000 1.0    0
goto  1.000  1.000 1.0    0
goto  1.000  0.000 1.0    0
goto  1.000  0.000 0.5    0
goto  1.000  1.000 0.5    0
goto  1.000  0.000 0.5    0
goto  0.000  0.000 0.5    0
goto  0.000  1.000 0.5    0
goto  0.000  0.000 0.5    0
###### WAREHOUSE 1 ######

###### WAREHOUSE 2 ######
goto  0.000  0.000 2.0    0
goto  0.000  1.000 2.0    0
goto  0.000  0.000 2.0    0
goto  1.000  0.000 2.0    0
goto  1.000  1.000 2.0    0
goto  1.000  0.000 2.0    0
goto  1.000  0.000 1.5    0
goto  1.000  1.000 1.5    0
goto  1.000  0.000 1.5    0
goto  0.000  0.000 1.5    0
goto  0.000  1.000 1.5    0
goto  0.000  0.000 1.5    0
goto  0.000  0.000 1.0    0
goto  0.000  1.000 1.0    0
goto  0.000  0.000 1.0    0
goto  1.000  0.000 1.0    0
goto  1.000  1.000 1.0    0
goto  1.000  0.000 1.0    0
goto  1.000  0.000 0.5    0
goto  1.000  1.000 0.5    0
goto  1.000  0.000 0.5    0
goto  0.000  0.000 0.5    0
goto  0.000  1.000 0.5    0
goto  0.000  0.000 0.5    0
###### WAREHOUSE 2 ######

###### WAREHOUSE 3 ######
goto  0.000  0.000 2.0    0
goto  0.000  1.000 2.0    0
goto  0.000  0.000 2.0    0
goto  1.000  0.000 2.0    0
goto  1.000  1.000 2.0    0
goto  1.000  0.000 2.0    0
goto  1.000  0.000 1.5    0
goto  1.000  1.000 1.5    0
goto  1.000  0.000 1.5    0
goto  0.000  0.000 1.5    0
goto  0.000  1.000 1.5    0
goto  0.000  0.000 1.5    0
goto  0.000  0.000 1.0    0
goto  0.000  1.000 1.0    0
goto  0.000  0.000 1.0    0
goto  1.000  0.000 1.0    0
goto  1.000  1.000 1.0    0
goto  1.000  0.000 1.0    0
goto  1.000  0.000 0.5    0
goto  1.000  1.000 0.5    0
goto  1.000  0.000 0.5    0
goto  0.000  0.000 0.5    0
goto  0.000  1.000 0.5    0
goto  0.000  0.000 0.5    0
###### WAREHOUSE 3 ######

###### WAREHOUSE 4 ######
goto  0.000  0.000 2.0    0
goto  0.000  1.000 2.0    0
goto  0.000  0.000 2.0    0
goto  1.000  0.000 2.0    0
goto  1.000  1.000 2.0    0
goto  1.000  0.000 2.0    0
goto  1.000  0.000 1.5    0
goto  1.000  1.000 1.5    0
goto  1.000  0.000 1.5    0
goto  0.000  0.000 1.5    0
goto  0.000  1.000 1.5    0
goto  0.000  0.000 1.5    0
goto  0.000  0.000 1.0    0
goto  0.000  1.000 1.0    0
goto  0.000  0.000 1.0    0
goto  1.000  0.000 1.0    0
goto  1.000  1.000 1.0    0
goto  1.000  0.000 1.0    0
goto  1.000  0.000 0.5    0
goto  1.000  1.000 0.5    0
goto  1.000  0.000 0.5    0
goto  0.000  0.000 0.5    0
goto  0.000  1.000 0.5    0
goto  0.000  0.000 0.5    0
###### WAREHOUSE 4 ######

###### WAREHOUSE 5 ######
goto  0.000  0.000 2.0    0
goto  0.000  1.000 2.0    0
goto  0.000  0.000 2.0    0
goto  1.000  0.000 2.0    0
goto  1.000  1.000 2.0    0
goto  1.000  0.000 2.0    0
goto  1.000  0.000 1.5    0
goto  1.000  1.000 1.5    0
goto  1.000  0.000 1.5    0
goto  0.000  0.000 1.5    0
goto  0.000  1.000 1.5    0
goto  0.000  0.000 1.5    0
goto  0.000  0.000 1.0    0
goto  0.000  1.000 1.0    0
goto  0.000  0.000 1.0    0
goto  1.000  0.000 1.0    0
goto  1.000  1.000 1.0    0
goto  1.000  0.000 1.0    0
goto  1.000  0.000 0.5    0
goto  1.000  1.000 0.5    0
goto  1.000  0.000 0.5    0
goto  0.000  0.000 0.5    0
goto  0.000  1.000 0.5    0
goto  0.000  0.000 0.5    0
###### WAREHOUSE 5 ######

###### LANDING ######
goto  0.000  0.000 0.5    0
land
###### LANDING ######
