###### TAKEOFF ######
setReference $POSE$
takeoff
goto  0.000  0.000 0.5    0
###### TAKEOFF ######

###### CIRCLE YAW 10DEG 1 ######
goto  0.000  0.000 1.0    0
goto  0.015  0.173 1.0   10
goto  0.060  0.342 1.0   20
goto  0.133  0.500 1.0   30
goto  0.233  0.642 1.0   40
goto  0.357  0.766 1.0   50
goto  0.500  0.866 1.0   60
goto  0.657  0.939 1.0   70
goto  0.826  0.984 1.0   80
goto  1.000  1.000 1.0   90
goto  1.173  0.984 1.0  100
goto  1.342  0.939 1.0  110
goto  1.500  0.866 1.0  120
goto  1.642  0.766 1.0  130
goto  1.766  0.642 1.0  140
goto  1.866  0.500 1.0  150
goto  1.939  0.342 1.0  160
goto  1.984  0.173 1.0  170
goto  2.000  0.000 1.0  180
goto  1.984 -0.173 1.0 -170
goto  1.939 -0.342 1.0 -160
goto  1.866 -0.500 1.0 -150
goto  1.766 -0.642 1.0 -140
goto  1.642 -0.766 1.0 -130
goto  1.500 -0.866 1.0 -120
goto  1.342 -0.939 1.0 -110
goto  1.173 -0.984 1.0 -100
goto  1.000 -1.000 1.0  -90
goto  0.826 -0.984 1.0  -80
goto  0.657 -0.939 1.0  -70
goto  0.500 -0.866 1.0  -60
goto  0.357 -0.766 1.0  -50
goto  0.233 -0.642 1.0  -40
goto  0.133 -0.500 1.0  -30
goto  0.060 -0.342 1.0  -20
goto  0.015 -0.173 1.0  -10
goto  0.000  0.000 1.0    0
###### CIRCLE YAW 10DEG 1 ######

###### CIRCLE YAW 10DEG 2 ######
goto  0.000  0.000 1.0    0
goto  0.015  0.173 1.0   10
goto  0.060  0.342 1.0   20
goto  0.133  0.500 1.0   30
goto  0.233  0.642 1.0   40
goto  0.357  0.766 1.0   50
goto  0.500  0.866 1.0   60
goto  0.657  0.939 1.0   70
goto  0.826  0.984 1.0   80
goto  1.000  1.000 1.0   90
goto  1.173  0.984 1.0  100
goto  1.342  0.939 1.0  110
goto  1.500  0.866 1.0  120
goto  1.642  0.766 1.0  130
goto  1.766  0.642 1.0  140
goto  1.866  0.500 1.0  150
goto  1.939  0.342 1.0  160
goto  1.984  0.173 1.0  170
goto  2.000  0.000 1.0  180
goto  1.984 -0.173 1.0 -170
goto  1.939 -0.342 1.0 -160
goto  1.866 -0.500 1.0 -150
goto  1.766 -0.642 1.0 -140
goto  1.642 -0.766 1.0 -130
goto  1.500 -0.866 1.0 -120
goto  1.342 -0.939 1.0 -110
goto  1.173 -0.984 1.0 -100
goto  1.000 -1.000 1.0  -90
goto  0.826 -0.984 1.0  -80
goto  0.657 -0.939 1.0  -70
goto  0.500 -0.866 1.0  -60
goto  0.357 -0.766 1.0  -50
goto  0.233 -0.642 1.0  -40
goto  0.133 -0.500 1.0  -30
goto  0.060 -0.342 1.0  -20
goto  0.015 -0.173 1.0  -10
goto  0.000  0.000 1.0    0
###### CIRCLE YAW 10DEG 2 ######

###### CIRCLE YAW 10DEG 3 ######
goto  0.000  0.000 1.0    0
goto  0.015  0.173 1.0   10
goto  0.060  0.342 1.0   20
goto  0.133  0.500 1.0   30
goto  0.233  0.642 1.0   40
goto  0.357  0.766 1.0   50
goto  0.500  0.866 1.0   60
goto  0.657  0.939 1.0   70
goto  0.826  0.984 1.0   80
goto  1.000  1.000 1.0   90
goto  1.173  0.984 1.0  100
goto  1.342  0.939 1.0  110
goto  1.500  0.866 1.0  120
goto  1.642  0.766 1.0  130
goto  1.766  0.642 1.0  140
goto  1.866  0.500 1.0  150
goto  1.939  0.342 1.0  160
goto  1.984  0.173 1.0  170
goto  2.000  0.000 1.0  180
goto  1.984 -0.173 1.0 -170
goto  1.939 -0.342 1.0 -160
goto  1.866 -0.500 1.0 -150
goto  1.766 -0.642 1.0 -140
goto  1.642 -0.766 1.0 -130
goto  1.500 -0.866 1.0 -120
goto  1.342 -0.939 1.0 -110
goto  1.173 -0.984 1.0 -100
goto  1.000 -1.000 1.0  -90
goto  0.826 -0.984 1.0  -80
goto  0.657 -0.939 1.0  -70
goto  0.500 -0.866 1.0  -60
goto  0.357 -0.766 1.0  -50
goto  0.233 -0.642 1.0  -40
goto  0.133 -0.500 1.0  -30
goto  0.060 -0.342 1.0  -20
goto  0.015 -0.173 1.0  -10
goto  0.000  0.000 1.0    0
###### CIRCLE YAW 10DEG 3 ######

###### CIRCLE YAW 10DEG 4 ######
goto  0.000  0.000 1.0    0
goto  0.015  0.173 1.0   10
goto  0.060  0.342 1.0   20
goto  0.133  0.500 1.0   30
goto  0.233  0.642 1.0   40
goto  0.357  0.766 1.0   50
goto  0.500  0.866 1.0   60
goto  0.657  0.939 1.0   70
goto  0.826  0.984 1.0   80
goto  1.000  1.000 1.0   90
goto  1.173  0.984 1.0  100
goto  1.342  0.939 1.0  110
goto  1.500  0.866 1.0  120
goto  1.642  0.766 1.0  130
goto  1.766  0.642 1.0  140
goto  1.866  0.500 1.0  150
goto  1.939  0.342 1.0  160
goto  1.984  0.173 1.0  170
goto  2.000  0.000 1.0  180
goto  1.984 -0.173 1.0 -170
goto  1.939 -0.342 1.0 -160
goto  1.866 -0.500 1.0 -150
goto  1.766 -0.642 1.0 -140
goto  1.642 -0.766 1.0 -130
goto  1.500 -0.866 1.0 -120
goto  1.342 -0.939 1.0 -110
goto  1.173 -0.984 1.0 -100
goto  1.000 -1.000 1.0  -90
goto  0.826 -0.984 1.0  -80
goto  0.657 -0.939 1.0  -70
goto  0.500 -0.866 1.0  -60
goto  0.357 -0.766 1.0  -50
goto  0.233 -0.642 1.0  -40
goto  0.133 -0.500 1.0  -30
goto  0.060 -0.342 1.0  -20
goto  0.015 -0.173 1.0  -10
goto  0.000  0.000 1.0    0
###### CIRCLE YAW 10DEG 4 ######

###### CIRCLE YAW 10DEG 5 ######
goto  0.000  0.000 1.0    0
goto  0.015  0.173 1.0   10
goto  0.060  0.342 1.0   20
goto  0.133  0.500 1.0   30
goto  0.233  0.642 1.0   40
goto  0.357  0.766 1.0   50
goto  0.500  0.866 1.0   60
goto  0.657  0.939 1.0   70
goto  0.826  0.984 1.0   80
goto  1.000  1.000 1.0   90
goto  1.173  0.984 1.0  100
goto  1.342  0.939 1.0  110
goto  1.500  0.866 1.0  120
goto  1.642  0.766 1.0  130
goto  1.766  0.642 1.0  140
goto  1.866  0.500 1.0  150
goto  1.939  0.342 1.0  160
goto  1.984  0.173 1.0  170
goto  2.000  0.000 1.0  180
goto  1.984 -0.173 1.0 -170
goto  1.939 -0.342 1.0 -160
goto  1.866 -0.500 1.0 -150
goto  1.766 -0.642 1.0 -140
goto  1.642 -0.766 1.0 -130
goto  1.500 -0.866 1.0 -120
goto  1.342 -0.939 1.0 -110
goto  1.173 -0.984 1.0 -100
goto  1.000 -1.000 1.0  -90
goto  0.826 -0.984 1.0  -80
goto  0.657 -0.939 1.0  -70
goto  0.500 -0.866 1.0  -60
goto  0.357 -0.766 1.0  -50
goto  0.233 -0.642 1.0  -40
goto  0.133 -0.500 1.0  -30
goto  0.060 -0.342 1.0  -20
goto  0.015 -0.173 1.0  -10
goto  0.000  0.000 1.0    0
###### CIRCLE YAW 10DEG 5 ######

###### LAND ######
goto  0.000  0.000 0.5    0
land
###### LAND ######
