###### TAKEOFF ######
setReference $POSE$
takeoff
goto  0.000  0.000 0.5    0
###### TAKEOFF ######

###### ANGLE YAW 10DEG 1 ######
goto  0.000  0.000 1.0    0
goto  0.000  0.000 1.0   10
goto  0.000  0.000 1.0   20
goto  0.000  0.000 1.0   30
goto  0.000  0.000 1.0   40
goto  0.000  0.000 1.0   50
goto  0.000  0.000 1.0   60
goto  0.000  0.000 1.0   70
goto  0.000  0.000 1.0   80
goto  0.000  0.000 1.0   90
goto  0.000  0.000 1.0  100
goto  0.000  0.000 1.0  100
goto  0.000  0.000 1.0  120
goto  0.000  0.000 1.0  130
goto  0.000  0.000 1.0  140
goto  0.000  0.000 1.0  150
goto  0.000  0.000 1.0  160
goto  0.000  0.000 1.0  170
goto  0.000  0.000 1.0  180
goto  0.000  0.000 1.0 -170
goto  0.000  0.000 1.0 -160
goto  0.000  0.000 1.0 -150
goto  0.000  0.000 1.0 -140
goto  0.000  0.000 1.0 -130
goto  0.000  0.000 1.0 -120
goto  0.000  0.000 1.0 -110
goto  0.000  0.000 1.0 -100
goto  0.000  0.000 1.0  -90
goto  0.000  0.000 1.0  -80
goto  0.000  0.000 1.0  -70
goto  0.000  0.000 1.0  -60
goto  0.000  0.000 1.0  -50
goto  0.000  0.000 1.0  -40
goto  0.000  0.000 1.0  -30
goto  0.000  0.000 1.0  -20
goto  0.000  0.000 1.0  -10
goto  0.000  0.000 1.0    0
###### ANGLE YAW 10DEG 1 ######

###### ANGLE YAW 10DEG 2 ######
goto  0.000  0.000 1.0    0
goto  0.000  0.000 1.0   10
goto  0.000  0.000 1.0   20
goto  0.000  0.000 1.0   30
goto  0.000  0.000 1.0   40
goto  0.000  0.000 1.0   50
goto  0.000  0.000 1.0   60
goto  0.000  0.000 1.0   70
goto  0.000  0.000 1.0   80
goto  0.000  0.000 1.0   90
goto  0.000  0.000 1.0  100
goto  0.000  0.000 1.0  100
goto  0.000  0.000 1.0  120
goto  0.000  0.000 1.0  130
goto  0.000  0.000 1.0  140
goto  0.000  0.000 1.0  150
goto  0.000  0.000 1.0  160
goto  0.000  0.000 1.0  170
goto  0.000  0.000 1.0  180
goto  0.000  0.000 1.0 -170
goto  0.000  0.000 1.0 -160
goto  0.000  0.000 1.0 -150
goto  0.000  0.000 1.0 -140
goto  0.000  0.000 1.0 -130
goto  0.000  0.000 1.0 -120
goto  0.000  0.000 1.0 -110
goto  0.000  0.000 1.0 -100
goto  0.000  0.000 1.0  -90
goto  0.000  0.000 1.0  -80
goto  0.000  0.000 1.0  -70
goto  0.000  0.000 1.0  -60
goto  0.000  0.000 1.0  -50
goto  0.000  0.000 1.0  -40
goto  0.000  0.000 1.0  -30
goto  0.000  0.000 1.0  -20
goto  0.000  0.000 1.0  -10
goto  0.000  0.000 1.0    0
###### ANGLE YAW 10DEG 2 ######

###### ANGLE YAW 10DEG 3 ######
goto  0.000  0.000 1.0    0
goto  0.000  0.000 1.0   10
goto  0.000  0.000 1.0   20
goto  0.000  0.000 1.0   30
goto  0.000  0.000 1.0   40
goto  0.000  0.000 1.0   50
goto  0.000  0.000 1.0   60
goto  0.000  0.000 1.0   70
goto  0.000  0.000 1.0   80
goto  0.000  0.000 1.0   90
goto  0.000  0.000 1.0  100
goto  0.000  0.000 1.0  100
goto  0.000  0.000 1.0  120
goto  0.000  0.000 1.0  130
goto  0.000  0.000 1.0  140
goto  0.000  0.000 1.0  150
goto  0.000  0.000 1.0  160
goto  0.000  0.000 1.0  170
goto  0.000  0.000 1.0  180
goto  0.000  0.000 1.0 -170
goto  0.000  0.000 1.0 -160
goto  0.000  0.000 1.0 -150
goto  0.000  0.000 1.0 -140
goto  0.000  0.000 1.0 -130
goto  0.000  0.000 1.0 -120
goto  0.000  0.000 1.0 -110
goto  0.000  0.000 1.0 -100
goto  0.000  0.000 1.0  -90
goto  0.000  0.000 1.0  -80
goto  0.000  0.000 1.0  -70
goto  0.000  0.000 1.0  -60
goto  0.000  0.000 1.0  -50
goto  0.000  0.000 1.0  -40
goto  0.000  0.000 1.0  -30
goto  0.000  0.000 1.0  -20
goto  0.000  0.000 1.0  -10
goto  0.000  0.000 1.0    0
###### ANGLE YAW 10DEG 3 ######

###### ANGLE YAW 10DEG 4 ######
goto  0.000  0.000 1.0    0
goto  0.000  0.000 1.0   10
goto  0.000  0.000 1.0   20
goto  0.000  0.000 1.0   30
goto  0.000  0.000 1.0   40
goto  0.000  0.000 1.0   50
goto  0.000  0.000 1.0   60
goto  0.000  0.000 1.0   70
goto  0.000  0.000 1.0   80
goto  0.000  0.000 1.0   90
goto  0.000  0.000 1.0  100
goto  0.000  0.000 1.0  100
goto  0.000  0.000 1.0  120
goto  0.000  0.000 1.0  130
goto  0.000  0.000 1.0  140
goto  0.000  0.000 1.0  150
goto  0.000  0.000 1.0  160
goto  0.000  0.000 1.0  170
goto  0.000  0.000 1.0  180
goto  0.000  0.000 1.0 -170
goto  0.000  0.000 1.0 -160
goto  0.000  0.000 1.0 -150
goto  0.000  0.000 1.0 -140
goto  0.000  0.000 1.0 -130
goto  0.000  0.000 1.0 -120
goto  0.000  0.000 1.0 -110
goto  0.000  0.000 1.0 -100
goto  0.000  0.000 1.0  -90
goto  0.000  0.000 1.0  -80
goto  0.000  0.000 1.0  -70
goto  0.000  0.000 1.0  -60
goto  0.000  0.000 1.0  -50
goto  0.000  0.000 1.0  -40
goto  0.000  0.000 1.0  -30
goto  0.000  0.000 1.0  -20
goto  0.000  0.000 1.0  -10
goto  0.000  0.000 1.0    0
###### ANGLE YAW 10DEG 4 ######

###### ANGLE YAW 10DEG 5 ######
goto  0.000  0.000 1.0    0
goto  0.000  0.000 1.0   10
goto  0.000  0.000 1.0   20
goto  0.000  0.000 1.0   30
goto  0.000  0.000 1.0   40
goto  0.000  0.000 1.0   50
goto  0.000  0.000 1.0   60
goto  0.000  0.000 1.0   70
goto  0.000  0.000 1.0   80
goto  0.000  0.000 1.0   90
goto  0.000  0.000 1.0  100
goto  0.000  0.000 1.0  100
goto  0.000  0.000 1.0  120
goto  0.000  0.000 1.0  130
goto  0.000  0.000 1.0  140
goto  0.000  0.000 1.0  150
goto  0.000  0.000 1.0  160
goto  0.000  0.000 1.0  170
goto  0.000  0.000 1.0  180
goto  0.000  0.000 1.0 -170
goto  0.000  0.000 1.0 -160
goto  0.000  0.000 1.0 -150
goto  0.000  0.000 1.0 -140
goto  0.000  0.000 1.0 -130
goto  0.000  0.000 1.0 -120
goto  0.000  0.000 1.0 -110
goto  0.000  0.000 1.0 -100
goto  0.000  0.000 1.0  -90
goto  0.000  0.000 1.0  -80
goto  0.000  0.000 1.0  -70
goto  0.000  0.000 1.0  -60
goto  0.000  0.000 1.0  -50
goto  0.000  0.000 1.0  -40
goto  0.000  0.000 1.0  -30
goto  0.000  0.000 1.0  -20
goto  0.000  0.000 1.0  -10
goto  0.000  0.000 1.0    0
###### ANGLE YAW 10DEG 5 ######

###### LAND ######
goto  0.000  0.000 0.5    0
land
###### LAND ######
