###### TAKEOFF ######
autoInit 500 800 4000 0.5
goto  0.000  0.000 0.5    0
###### TAKEOFF ######

###### YAW FIX 20DEG 1 ######
goto  0.000  0.000 1.0    0
goto  0.000  0.000 1.0   20
goto  0.000  0.000 1.0   40
goto  0.000  0.000 1.0   60
goto  0.000  0.000 1.0   80
goto  0.000  0.000 1.0  100
goto  0.000  0.000 1.0  120
goto  0.000  0.000 1.0  140
goto  0.000  0.000 1.0  160
goto  0.000  0.000 1.0  180
goto  0.000  0.000 1.0 -160
goto  0.000  0.000 1.0 -140
goto  0.000  0.000 1.0 -120
goto  0.000  0.000 1.0 -100
goto  0.000  0.000 1.0  -80
goto  0.000  0.000 1.0  -60
goto  0.000  0.000 1.0  -40
goto  0.000  0.000 1.0  -20
goto  0.000  0.000 1.0    0
###### YAW FIX 20DEG 1 ######

###### YAW FIX 20DEG 2 ######
goto  0.000  0.000 1.0    0
goto  0.000  0.000 1.0   20
goto  0.000  0.000 1.0   40
goto  0.000  0.000 1.0   60
goto  0.000  0.000 1.0   80
goto  0.000  0.000 1.0  100
goto  0.000  0.000 1.0  120
goto  0.000  0.000 1.0  140
goto  0.000  0.000 1.0  160
goto  0.000  0.000 1.0  180
goto  0.000  0.000 1.0 -160
goto  0.000  0.000 1.0 -140
goto  0.000  0.000 1.0 -120
goto  0.000  0.000 1.0 -100
goto  0.000  0.000 1.0  -80
goto  0.000  0.000 1.0  -60
goto  0.000  0.000 1.0  -40
goto  0.000  0.000 1.0  -20
goto  0.000  0.000 1.0    0
###### YAW FIX 20DEG 2 ######

###### YAW FIX 20DEG 3 ######
goto  0.000  0.000 1.0    0
goto  0.000  0.000 1.0   20
goto  0.000  0.000 1.0   40
goto  0.000  0.000 1.0   60
goto  0.000  0.000 1.0   80
goto  0.000  0.000 1.0  100
goto  0.000  0.000 1.0  120
goto  0.000  0.000 1.0  140
goto  0.000  0.000 1.0  160
goto  0.000  0.000 1.0  180
goto  0.000  0.000 1.0 -160
goto  0.000  0.000 1.0 -140
goto  0.000  0.000 1.0 -120
goto  0.000  0.000 1.0 -100
goto  0.000  0.000 1.0  -80
goto  0.000  0.000 1.0  -60
goto  0.000  0.000 1.0  -40
goto  0.000  0.000 1.0  -20
goto  0.000  0.000 1.0    0
###### YAW FIX 20DEG 3 ######

###### YAW FIX 20DEG 4 ######
goto  0.000  0.000 1.0    0
goto  0.000  0.000 1.0   20
goto  0.000  0.000 1.0   40
goto  0.000  0.000 1.0   60
goto  0.000  0.000 1.0   80
goto  0.000  0.000 1.0  100
goto  0.000  0.000 1.0  120
goto  0.000  0.000 1.0  140
goto  0.000  0.000 1.0  160
goto  0.000  0.000 1.0  180
goto  0.000  0.000 1.0 -160
goto  0.000  0.000 1.0 -140
goto  0.000  0.000 1.0 -120
goto  0.000  0.000 1.0 -100
goto  0.000  0.000 1.0  -80
goto  0.000  0.000 1.0  -60
goto  0.000  0.000 1.0  -40
goto  0.000  0.000 1.0  -20
goto  0.000  0.000 1.0    0
###### YAW FIX 20DEG 4 ######

###### YAW FIX 20DEG 5 ######
goto  0.000  0.000 1.0    0
goto  0.000  0.000 1.0   20
goto  0.000  0.000 1.0   40
goto  0.000  0.000 1.0   60
goto  0.000  0.000 1.0   80
goto  0.000  0.000 1.0  100
goto  0.000  0.000 1.0  120
goto  0.000  0.000 1.0  140
goto  0.000  0.000 1.0  160
goto  0.000  0.000 1.0  180
goto  0.000  0.000 1.0 -160
goto  0.000  0.000 1.0 -140
goto  0.000  0.000 1.0 -120
goto  0.000  0.000 1.0 -100
goto  0.000  0.000 1.0  -80
goto  0.000  0.000 1.0  -60
goto  0.000  0.000 1.0  -40
goto  0.000  0.000 1.0  -20
goto  0.000  0.000 1.0    0
###### YAW FIX 20DEG 5 ######

###### LANDING ######
goto  0.000  0.000 0.5    0
land
###### LANDING ######
