###### TAKEOFF ######
autoInit 500 800 4000 0.5
goto  0.000  0.000 0.5    0
###### TAKEOFF ######

###### POSITIVE YAW10 1 ######
goto  0.000  0.000 1.5    0
goto  0.015  0.173 1.5   10
goto  0.060  0.342 1.5   20
goto  0.133  0.500 1.5   30
goto  0.233  0.642 1.5   40
goto  0.357  0.766 1.5   50
goto  0.500  0.866 1.5   60
goto  0.657  0.939 1.5   70
goto  0.826  0.984 1.5   80
goto  1.000  1.000 1.5   90
goto  1.173  0.984 1.5  100
goto  1.342  0.939 1.5  110
goto  1.500  0.866 1.5  120
goto  1.642  0.766 1.5  130
goto  1.766  0.642 1.5  140
goto  1.866  0.500 1.5  150
goto  1.939  0.342 1.5  160
goto  1.984  0.173 1.5  170
goto  2.000  0.000 1.5  180
goto  1.984 -0.173 1.5 -170
goto  1.939 -0.342 1.5 -160
goto  1.866 -0.500 1.5 -150
goto  1.766 -0.642 1.5 -140
goto  1.642 -0.766 1.5 -130
goto  1.500 -0.866 1.5 -120
goto  1.342 -0.939 1.5 -110
goto  1.173 -0.984 1.5 -100
goto  1.000 -1.000 1.5  -90
goto  0.826 -0.984 1.5  -80
goto  0.657 -0.939 1.5  -70
goto  0.500 -0.866 1.5  -60
goto  0.357 -0.766 1.5  -50
goto  0.233 -0.642 1.5  -40
goto  0.133 -0.500 1.5  -30
goto  0.060 -0.342 1.5  -20
goto  0.015 -0.173 1.5  -10
goto  0.000  0.000 1.5    0
###### POSITIVE YAW10 1 ######

###### POSITIVE YAW10 2 ######
goto  0.000  0.000 1.5    0
goto  0.015  0.173 1.5   10
goto  0.060  0.342 1.5   20
goto  0.133  0.500 1.5   30
goto  0.233  0.642 1.5   40
goto  0.357  0.766 1.5   50
goto  0.500  0.866 1.5   60
goto  0.657  0.939 1.5   70
goto  0.826  0.984 1.5   80
goto  1.000  1.000 1.5   90
goto  1.173  0.984 1.5  100
goto  1.342  0.939 1.5  110
goto  1.500  0.866 1.5  120
goto  1.642  0.766 1.5  130
goto  1.766  0.642 1.5  140
goto  1.866  0.500 1.5  150
goto  1.939  0.342 1.5  160
goto  1.984  0.173 1.5  170
goto  2.000  0.000 1.5  180
goto  1.984 -0.173 1.5 -170
goto  1.939 -0.342 1.5 -160
goto  1.866 -0.500 1.5 -150
goto  1.766 -0.642 1.5 -140
goto  1.642 -0.766 1.5 -130
goto  1.500 -0.866 1.5 -120
goto  1.342 -0.939 1.5 -110
goto  1.173 -0.984 1.5 -100
goto  1.000 -1.000 1.5  -90
goto  0.826 -0.984 1.5  -80
goto  0.657 -0.939 1.5  -70
goto  0.500 -0.866 1.5  -60
goto  0.357 -0.766 1.5  -50
goto  0.233 -0.642 1.5  -40
goto  0.133 -0.500 1.5  -30
goto  0.060 -0.342 1.5  -20
goto  0.015 -0.173 1.5  -10
goto  0.000  0.000 1.5    0
###### POSITIVE YAW10 2 ######

###### POSITIVE YAW10 3 ######
goto  0.000  0.000 1.5    0
goto  0.015  0.173 1.5   10
goto  0.060  0.342 1.5   20
goto  0.133  0.500 1.5   30
goto  0.233  0.642 1.5   40
goto  0.357  0.766 1.5   50
goto  0.500  0.866 1.5   60
goto  0.657  0.939 1.5   70
goto  0.826  0.984 1.5   80
goto  1.000  1.000 1.5   90
goto  1.173  0.984 1.5  100
goto  1.342  0.939 1.5  110
goto  1.500  0.866 1.5  120
goto  1.642  0.766 1.5  130
goto  1.766  0.642 1.5  140
goto  1.866  0.500 1.5  150
goto  1.939  0.342 1.5  160
goto  1.984  0.173 1.5  170
goto  2.000  0.000 1.5  180
goto  1.984 -0.173 1.5 -170
goto  1.939 -0.342 1.5 -160
goto  1.866 -0.500 1.5 -150
goto  1.766 -0.642 1.5 -140
goto  1.642 -0.766 1.5 -130
goto  1.500 -0.866 1.5 -120
goto  1.342 -0.939 1.5 -110
goto  1.173 -0.984 1.5 -100
goto  1.000 -1.000 1.5  -90
goto  0.826 -0.984 1.5  -80
goto  0.657 -0.939 1.5  -70
goto  0.500 -0.866 1.5  -60
goto  0.357 -0.766 1.5  -50
goto  0.233 -0.642 1.5  -40
goto  0.133 -0.500 1.5  -30
goto  0.060 -0.342 1.5  -20
goto  0.015 -0.173 1.5  -10
goto  0.000  0.000 1.5    0
###### POSITIVE YAW10 3 ######

###### POSITIVE YAW10 4 ######
goto  0.000  0.000 1.5    0
goto  0.015  0.173 1.5   10
goto  0.060  0.342 1.5   20
goto  0.133  0.500 1.5   30
goto  0.233  0.642 1.5   40
goto  0.357  0.766 1.5   50
goto  0.500  0.866 1.5   60
goto  0.657  0.939 1.5   70
goto  0.826  0.984 1.5   80
goto  1.000  1.000 1.5   90
goto  1.173  0.984 1.5  100
goto  1.342  0.939 1.5  110
goto  1.500  0.866 1.5  120
goto  1.642  0.766 1.5  130
goto  1.766  0.642 1.5  140
goto  1.866  0.500 1.5  150
goto  1.939  0.342 1.5  160
goto  1.984  0.173 1.5  170
goto  2.000  0.000 1.5  180
goto  1.984 -0.173 1.5 -170
goto  1.939 -0.342 1.5 -160
goto  1.866 -0.500 1.5 -150
goto  1.766 -0.642 1.5 -140
goto  1.642 -0.766 1.5 -130
goto  1.500 -0.866 1.5 -120
goto  1.342 -0.939 1.5 -110
goto  1.173 -0.984 1.5 -100
goto  1.000 -1.000 1.5  -90
goto  0.826 -0.984 1.5  -80
goto  0.657 -0.939 1.5  -70
goto  0.500 -0.866 1.5  -60
goto  0.357 -0.766 1.5  -50
goto  0.233 -0.642 1.5  -40
goto  0.133 -0.500 1.5  -30
goto  0.060 -0.342 1.5  -20
goto  0.015 -0.173 1.5  -10
goto  0.000  0.000 1.5    0
###### POSITIVE YAW10 4 ######

###### POSITIVE YAW10 5 ######
goto  0.000  0.000 1.5    0
goto  0.015  0.173 1.5   10
goto  0.060  0.342 1.5   20
goto  0.133  0.500 1.5   30
goto  0.233  0.642 1.5   40
goto  0.357  0.766 1.5   50
goto  0.500  0.866 1.5   60
goto  0.657  0.939 1.5   70
goto  0.826  0.984 1.5   80
goto  1.000  1.000 1.5   90
goto  1.173  0.984 1.5  100
goto  1.342  0.939 1.5  110
goto  1.500  0.866 1.5  120
goto  1.642  0.766 1.5  130
goto  1.766  0.642 1.5  140
goto  1.866  0.500 1.5  150
goto  1.939  0.342 1.5  160
goto  1.984  0.173 1.5  170
goto  2.000  0.000 1.5  180
goto  1.984 -0.173 1.5 -170
goto  1.939 -0.342 1.5 -160
goto  1.866 -0.500 1.5 -150
goto  1.766 -0.642 1.5 -140
goto  1.642 -0.766 1.5 -130
goto  1.500 -0.866 1.5 -120
goto  1.342 -0.939 1.5 -110
goto  1.173 -0.984 1.5 -100
goto  1.000 -1.000 1.5  -90
goto  0.826 -0.984 1.5  -80
goto  0.657 -0.939 1.5  -70
goto  0.500 -0.866 1.5  -60
goto  0.357 -0.766 1.5  -50
goto  0.233 -0.642 1.5  -40
goto  0.133 -0.500 1.5  -30
goto  0.060 -0.342 1.5  -20
goto  0.015 -0.173 1.5  -10
goto  0.000  0.000 1.5    0
###### POSITIVE YAW10 5 ######

###### LANDING ######
goto  0.000  0.000 0.5    0
land
###### LANDING ######
